annotate-colour: green
created: 20251201143421180
difficulty: 4.087113999999999
due: 20260309135739936
elapsed_days: 25.429079074074075
lapses: 0
last_review: 20251231135739936
modified: 20251206033947092
reps: 4
scheduled_days: 68
stability: 68.35744809063465
state: 2
tags: 大A本质是什么？ 散户 机构 老庄 ?
title: 5. “做饭局”模型：把角色、节奏、策略全摆出来
type: text/markdown