annotate-colour: dodgerblue
created: 20251201143421180
difficulty: 4.078599999999999
due: 20251224033947506
elapsed_days: 2.594138263888889
lapses: 0
last_review: 20251206033947506
modified: 20251206033947092
reps: 3
scheduled_days: 18
stability: 18.22669382869664
state: 2
tags: 大A本质是什么？ 散户 机构 老庄 ?
title: 5. “做饭局”模型：把角色、节奏、策略全摆出来
type: text/markdown