annotate-colour: dodgerblue
created: 20251123004439741
difficulty: 4.078599999999999
due: 20260602135754476
elapsed_days: 30.100369074074074
lapses: 0
last_review: 20251231135754476
modified: 20251123010128202
reps: 4
scheduled_days: 153
stability: 153.04696745679323
state: 2
tags: ? 价值投资 教条主义
title: 为什么A股不适合长期价值投资？

[[牛短熊长]]，退市风险高，业绩波动大，长期上涨公司稀少

不是逻辑错误，而是不适配 A 股结构。

关联：

[[什么是投资？]]