annotate-colour: dodgerblue
created: 20251118151522797
difficulty: 3.148
due: 20260214021405028
elapsed_days: 9.534429814814814
lapses: 0
last_review: 20251213021405028
modified: 20251203002222947
reps: 2
scheduled_days: 63
stability: 63.31835071527174
state: 2
tags: 投资心态 ? 情绪操作
title: 亏钱了怎么办
type: 

!! 情绪管理：情绪失控，就是账户失控

亏了别急着翻本，报复性交易只会更惨。跌了''就关软件、去散步、写日记''，等情绪平稳了再看盘。能赚大钱的，从来不是最聪明的，而是最稳得住的。