annotate-colour: dodgerblue
created: 20251213021444881
difficulty: 4.078599999999999
due: 20260311135802043
elapsed_days: 14.367950821759258
lapses: 0
last_review: 20251231135802043
modified: 20251217050810765
reps: 3
scheduled_days: 70
stability: 70.41478486641167
state: 2
tags: ? 运动 身体健康
title: 减肥和运动的关系

如果你常常因为要运动而感觉压力很大，那么你和运动的关系已经破裂了。