annotate-colour: dodgerblue
created: 20251213015751274
difficulty: 4.078599999999999
due: 20260311135735684
elapsed_days: 14.36791175925926
lapses: 0
last_review: 20251231135735684
modified: 20251213020543617
reps: 3
scheduled_days: 70
stability: 70.41465166871927
state: 2
tags: 刻意练习 ?
title: 刻意练习的信号
wysiwyg: yes

说明你''不靠情绪刺激，而靠系统运转。''

不靠训练，只图刺激的是新手

练习阶段''不以盈利为目标''