annotate-colour: dodgerblue
created: 20251203001744786
difficulty: 3.148
due: 20260214021425640
elapsed_days: 9.534331527777777
lapses: 0
last_review: 20251213021425640
modified: 20251203001804377
reps: 2
scheduled_days: 63
stability: 63.3178120801199
state: 2
tags: 情绪周期 ?
title: 情绪周期为何能被交易者利用？

因为其模式呈现''重复性。''