annotate-colour: dodgerblue
created: 20251119005749952
difficulty: 3.148
due: 20260330135828770
elapsed_days: 14.367310023148148
lapses: 0
last_review: 20251231135828770
modified: 20251220115155139
reps: 2
scheduled_days: 89
stability: 88.6032545098195
state: 2
tags: ? 量价关系
title: 换手率

换手率高说明交易频繁

换手率就是一只股票的交换频率。举个例子，[[流通市值]]100亿的股票，如果成交额是10亿，当日的换手率就是10%，它意味着内部10%的筹码拥有者发生了置换