annotate-colour: green
created: 20251201115801349
difficulty: 3.9994
due: 20260102091259854
elapsed_days: 7.38627875
lapses: 0
last_review: 20251210091259854
modified: 20251210091259545
reps: 2
scheduled_days: 23
stability: 23.23091595644907
state: 2
tags: 量化交易 割韭菜 ?
title: 散户能不能自己做量化？
type: text/markdown