annotate-colour: green
created: 20251201143453728
difficulty: 4.93
due: 20260117050917280
elapsed_days: 11.060726805555555
lapses: 0
last_review: 20251217050917280
modified: 20251203000132740
reps: 4
scheduled_days: 31
stability: 30.869193505676446
state: 2
tags: 大A本质是什么？ 散户 ? 杠杆交易 机构 游资
title: 散户生存哲学
type: text/markdown