annotate-colour: dodgerblue
created: 20251124095553370
difficulty: 3.148
due: 20260214021418450
elapsed_days: 9.53452136574074
lapses: 0
last_review: 20251213021418450
modified: 20251203001917740
reps: 2
scheduled_days: 63
stability: 63.31885243408431
state: 2
tags: ? 散户 操作纪律
title: 普通选手为什么会大幅回撤？

[[热点退潮]]时仍在追高。