annotate-colour: dodgerblue
created: 20251203001028477
difficulty: 3.148
due: 20260227050849692
elapsed_days: 11.059843981481482
lapses: 0
last_review: 20251217050849692
modified: 20251203001113435
reps: 2
scheduled_days: 72
stability: 71.55505767994353
state: 2
tags: ? 散户
title: 武侠式幻想在交易里对应什么？

以为得到秘笈心法就能直接赚钱。