annotate-colour: dodgerblue
created: 20251213020353663
difficulty: 3.148
due: 20260330135613519
elapsed_days: 14.365517303240741
lapses: 0
last_review: 20251231135613519
modified: 20251217050952472
reps: 2
scheduled_days: 89
stability: 88.59430267965996
state: 2
tags: 刻意练习 ?
title: 炒股刻意练习的本质是什么？

!! 刻意练习的本质

让正确动作''自动化''，避免情绪化操作，执行纪律，这个确实有点违背人性
