annotate-colour: dodgerblue
created: 20251124095652111
difficulty: 3.148
due: 20260130000146137
elapsed_days: 8.5811871875
lapses: 0
last_review: 20251203000146137
modified: 20251124100001640
reps: 2
scheduled_days: 58
stability: 58.045375359838765
state: 2
tags: 热点退潮 ?
title: 热点退潮的第一信号是什么？

第一信号：追涨开始频繁失败