annotate-colour: dodgerblue
created: 20251124095734033
difficulty: 3.148
due: 20260217021327483
elapsed_days: 10.080994293981481
lapses: 0
last_review: 20251213021327483
modified: 20251203001643545
reps: 2
scheduled_days: 66
stability: 66.29773736119998
state: 2
tags: 热点退潮 ?
title: 热点退潮的第三信号是什么？

第三信号：强势股出现[[高位震荡]]。