annotate-colour: dodgerblue
created: 20251124095716459
difficulty: 4.078599999999999
due: 20251215000150521
elapsed_days: 1.5198432523148149
lapses: 0
last_review: 20251203000150521
modified: 20251201113245566
reps: 3
scheduled_days: 12
stability: 11.913465837309388
state: 2
tags: 热点退潮 ? 龙头股
title: 热点退潮的第二信号是什么？

第二信号：龙头开始[[缩量]]、不涨停。