annotate-colour: dodgerblue
created: 20251124095716459
difficulty: 3.2357139999999993
due: 20260317050859389
elapsed_days: 14.213297094907407
lapses: 0
last_review: 20251217050859389
modified: 20251203001623471
reps: 4
scheduled_days: 90
stability: 90.42197201008607
state: 2
tags: 热点退潮 龙头股 ?
title: 热点退潮的第二信号是什么？

第二信号：龙头开始[[缩量]]、不涨停。