annotate-colour: dodgerblue
created: 20251123004056549
difficulty: 4.078599999999999
due: 20260111113349443
elapsed_days: 7.062556793981481
lapses: 0
last_review: 20251201113349443
modified: 20251123010412115
reps: 3
scheduled_days: 41
stability: 41.300069852342496
state: 2
tags: ? 市场情绪
title: 热点持续性取决于什么因素？

接力意愿与群体风险偏好。
