annotate-colour: dodgerblue
created: 20251203002108388
difficulty: 3.148
due: 20260227050852873
elapsed_days: 11.059817465277778
lapses: 0
last_review: 20251217050852873
modified: 20251206034217766
reps: 2
scheduled_days: 72
stability: 71.55491661087085
state: 2
tags: ? 操作纪律 情绪操作 生活压力 压力
title: 生活压力如何影响交易？

放大损失感，导致执行力下降、情绪化操作增加。