annotate-colour: dodgerblue
created: 20251123005000640
difficulty: 4.000191999999999
due: 20260315050855633
elapsed_days: 15.732625497685186
lapses: 0
last_review: 20251217050855633
modified: 20251123005041000
reps: 3
scheduled_days: 88
stability: 88.33473289997865
state: 2
tags: 短线票 ?
title: 短线的核心

核心是情绪结构和资金行为