annotate-colour: green
created: 20251123004216549
difficulty: 3.9994
due: 20251227113402394
elapsed_days: 8.438617569444444
lapses: 0
last_review: 20251201113402394
modified: 20251123004248289
reps: 2
scheduled_days: 26
stability: 25.511966799389047
state: 2
tags: ?
title: 短线选手的群体效应

人数多、情绪强、行为集中，容易形成群体效应