annotate-colour: orange
created: 20251123005000640
difficulty: 4.8508
due: 20251213113356791
elapsed_days: 8.438669224537037
lapses: 0
last_review: 20251201113356791
modified: 20251123005041000
reps: 2
scheduled_days: 12
stability: 11.516502507451003
state: 2
tags: 短线票 ?
title: 短线的核心

核心是情绪结构和资金行为