annotate-colour: dodgerblue
created: 20251123004216549
difficulty: 3.157306
due: 20260626135723668
elapsed_days: 30.099551828703703
lapses: 0
last_review: 20251231135723668
modified: 20251123004248289
reps: 3
scheduled_days: 177
stability: 176.7809230427096
state: 2
tags: ?
title: 短线选手的群体效应

人数多、情绪强、行为集中，容易形成群体效应