annotate-colour: dodgerblue
created: 20251201115131878
difficulty: 3.148
due: 20260418135707456
elapsed_days: 18.489615277777776
lapses: 0
last_review: 20251231135707456
modified: 20251231135656106
reps: 2
scheduled_days: 108
stability: 108.40963696503228
state: 2
tags: ?
title: 融券
type: text/markdown