annotate-colour: dodgerblue
created: 20251206034023586
difficulty: 3.148
due: 20260227050833062
elapsed_days: 11.060322893518519
lapses: 0
last_review: 20251217050833062
modified: 20251217050832731
reps: 2
scheduled_days: 72
stability: 71.55760553133412
state: 2
tags: 投资心态 情绪操作 ?
title: 资金体量和心理承受必须匹配，否则一震就崩

[[投资的底层安全感-用闲钱投资]]