annotate-colour: dodgerblue
created: 20251123005334730
difficulty: 3.148
due: 20260127113353271
elapsed_days: 8.440634895833334
lapses: 0
last_review: 20251201113353271
modified: 20251123005350338
reps: 2
scheduled_days: 57
stability: 57.25952828687544
state: 2
tags: ? 杜绝亏损
title: 高手的第一原则是什么？

杜绝亏损，尤其是系统性亏损