annotate-colour: dodgerblue
created: 20251210130318303
difficulty: 3.148
due: 20260330135825099
elapsed_days: 14.366625104166667
lapses: 0
last_review: 20251231135825099
modified: 20251210130401494
reps: 2
scheduled_days: 89
stability: 88.59983444741027
state: 2
tags: 龙头 ?
title: 龙头形成路径
type: text/markdown