annotate-colour: dodgerblue
created: 20251208150727473
difficulty: 3.148
due: 20260330135820055
elapsed_days: 14.366699826388889
lapses: 0
last_review: 20251231135820055
modified: 20251210130426363
reps: 2
scheduled_days: 89
stability: 88.60020756620162
state: 2
tags: ?
title: 龙头
type: text/markdown