annotate-colour: dodgerblue
created: 20251210130454270
difficulty: 3.148
due: 20260330135711465
elapsed_days: 14.365825405092593
lapses: 0
last_review: 20251231135711465
modified: 20251210130535354
reps: 2
scheduled_days: 89
stability: 88.59584118786742
state: 2
tags: 龙头 ? 换手率
title: 龙头的典型特征
type: text/markdown